25821141
24625654
22924019
21714252
15928966
7577623
2456517
2179161
2017271
1911338
1810111
1663773
1297817
1170846
1024670
1024127
1018644
857304
847489
799579
792514
782795
780780
669238
667626
664976
603134
582760
562880
521115
518785
465321
446091
372237
342195
340982
332278
329425
309213
226006
223992
223898
211983
205729
203121
193458
177235
173076
165331
151548
151221
140385
138068
130717
127564
118897
116943
111467
92379
89308
89204
88822
86725
85749
85004
82236
81318
80517
79417
78470
73203
72990
71433
69387
69126
67832
67607
65484
63854
62400
61706
60940
59375
57966
55492
54306
48442
46886
46565
46505
46401
45963
45570
45519
43809
43424
41916
41794
39078
38626
37944
37543
37442
37114
36949
36768
36762
36719
36607
36220
35883
35784
35540
35532
34764
34720
34468
34351
34200
34067
33655
33307
31949
31261
31152
30975
30520
29593
29530
29400
29359
28666
27873
27696
26794
26769
25677
25626
25475
25413
24866
24745
24026
23414
20051
19866
19542
17766
16850
14958
