24625654
21714252
1810111
2179161
1663773
25821141
15928966
22924019
1018644
1024670
7577623
205729
2456517
1170846
780780
332278
342195
2017271
446091
1911338
165331
223992
521115
667626
799579
1024127
582760
792514
151221
340982
669238
518785
782795
562880
1297817
309213
223898
372237
127564
67607
857304
130717
603134
54306
43809
664976
36949
203121
33307
329425
57966
30520
45963
177235
847489
118897
465321
211983
69387
151548
173076
24866
36220
46886
86725
60940
193458
41794
89204
72990
46565
226006
24026
41916
46401
140385
29400
37543
111467
116943
89308
61706
38626
34468
65484
48442
85749
45570
36762
45519
46505
35540
23414
67832
78470
80517
92379
26794
37944
37442
88822
71433
73203
138068
25626
34720
81318
27873
85004
69126
36607
29530
63854
79417
62400
39078
29593
82236
55492
30975
37114
25475
33655
25413
29359
31949
25677
31261
14958
26769
36719
28666
59375
34764
24745
35784
35883
34067
34351
36768
27696
43424
17766
35532
31152
19866
16850
20051
19542
34200
